 1.03333333333333 1.39763751800638
 1.06666666666667 5.38688492400979
 1.1 11.4921211330075
 1.13333333333333 19.0056520670041
 1.16666666666667 27.161770464998
 1.2 35.3084629310033
 1.23333333333333 43.028811311
 1.26666666666667 49.9994682280085
 1.3 55.961251531
 1.33333333333333 60.8968257020024
 1.36666666666667 65.0644175479974
 1.4 68.5636817370105
 1.43333333333333 71.3230202530103
 1.46666666666667 73.2219513290038
 1.5 74.2002920360101
 1.53333333333333 74.2111515480065
 1.56666666666667 73.2817195469979
 1.6 71.4399725100084
 1.63333333333333 68.7541278400022
 1.66666666666667 65.2544502500095
 1.7 60.8152620710025
 1.73333333333333 55.166770847005
 1.76666666666667 48.3391637080058
 1.8 40.6274556650023
 1.83333333333333 32.3962867780065
 1.86666666666667 24.104635939002
 1.9 16.4422752940009
 1.93333333333333 10.2039991659985
 1.96666666666667 6.12056745300652
 2 4.69017233300838
