 0.0 0.0 0.0
 -0 -0 4.99884659124409e-06
 -0 -0.190918839494048 21.4158715738686
 -0 -0.381837678988096 79.388888754462
 -0 -0.572756518482144 159.699010051595
 -0 -0.763675357976192 242.033351321452
 -0 -0.954594197470239 316.686232768477
 -0 -1.14551303696429 372.814577394516
 -0 -1.33643187645834 396.016389702952
 -0 -1.52735071595238 396.016367211548
 -0 -1.71826955544643 372.81498246202
 -0 -1.90918839494048 316.686991598793
 -0 -2.10010723443453 242.032965918857
 -0 -2.29102607392857 159.699394250743
 -0 -2.48194491342262 79.3891032772024
 -0 -2.67286375291667 21.4159576595373
 -0 -2.86378259241072 4.95147436865129e-06
 -0 -3.05470143190477 21.4158559479902
 -0 -3.24562027139881 79.3886063435721
 -0 -3.43653911089286 159.699083871367
 -0 -3.62745795038691 242.033196090044
 -0 -3.81837678988096 316.686621887504
 -0 -4.00929562937501 372.815719574645
 -0 -4.20021446886905 396.016672213099
 -0 -4.3911333083631 396.016410022045
 -0 -4.58205214785715 372.814757888593
 -0 -4.7729709873512 316.686827650978
 -0 -4.96388982684524 242.033605211186
 -0 -5.15480866633929 159.699436655181
 -0 -5.34572750583334 79.3888191688318
 -0 -5.53664634532739 21.4159031538868
 -0 -5.72756518482144 4.94357557882962e-06
 -0.11022704337526 -0 6.9538673543077
 -0.11022704337526 -0.190918839494048 31.4742564900551
 -0.11022704337526 -0.381837678988096 100.242252618596
 -0.11022704337526 -0.572756518482144 194.96917874233
 -0.11022704337526 -0.763675357976192 291.115020752237
 -0.11022704337526 -0.954594197470239 373.92617494758
 -0.11022704337526 -1.14551303696429 431.034367516938
 -0.11022704337526 -1.33643187645834 450.691041542932
 -0.11022704337526 -1.52735071595238 450.690923293022
 -0.11022704337526 -1.71826955544643 431.033925273954
 -0.11022704337526 -1.90918839494048 373.925557581573
 -0.11022704337526 -2.10010723443453 291.114268688188
 -0.11022704337526 -2.29102607392857 194.96920005507
 -0.11022704337526 -2.48194491342262 100.242765743186
 -0.11022704337526 -2.67286375291667 31.474116163807
 -0.11022704337526 -2.86378259241072 6.95390550769882
 -0.11022704337526 -3.05470143190477 31.4742335373413
 -0.11022704337526 -3.24562027139881 100.242695719922
 -0.11022704337526 -3.43653911089286 194.96867769977
 -0.11022704337526 -3.62745795038691 291.113946813303
 -0.11022704337526 -3.81837678988096 373.9262144364
 -0.11022704337526 -4.00929562937501 431.034524780818
 -0.11022704337526 -4.20021446886905 450.690589729712
 -0.11022704337526 -4.3911333083631 450.690976553474
 -0.11022704337526 -4.58205214785715 431.034229246858
 -0.11022704337526 -4.7729709873512 373.926426256687
 -0.11022704337526 -4.96388982684524 291.114169323792
 -0.11022704337526 -5.15480866633929 194.969174267942
 -0.11022704337526 -5.34572750583334 100.242294131989
 -0.11022704337526 -5.53664634532739 31.4740547633337
 -0.11022704337526 -5.72756518482144 6.95381550146068
 -0.220454086750519 -0 25.1073077362738
 -0.220454086750519 -0.190918839494048 52.4227251438486
 -0.220454086750519 -0.381837678988096 129.406405351213
 -0.220454086750519 -0.572756518482144 235.089980564243
 -0.220454086750519 -0.763675357976192 340.548048115769
 -0.220454086750519 -0.954594197470239 427.969150071558
 -0.220454086750519 -1.14551303696429 483.811416068572
 -0.220454086750519 -1.33643187645834 499.548839067077
 -0.220454086750519 -1.52735071595238 499.549042977434
 -0.220454086750519 -1.71826955544643 483.811165201592
 -0.220454086750519 -1.90918839494048 427.969050521079
 -0.220454086750519 -2.10010723443453 340.547630970749
 -0.220454086750519 -2.29102607392857 235.08906819325
 -0.220454086750519 -2.48194491342262 129.407193855395
 -0.220454086750519 -2.67286375291667 52.4227457020392
 -0.220454086750519 -2.86378259241072 25.1075329537294
 -0.220454086750519 -3.05470143190477 52.4229781944443
 -0.220454086750519 -3.24562027139881 129.406179751415
 -0.220454086750519 -3.43653911089286 235.089729989395
 -0.220454086750519 -3.62745795038691 340.547652086122
 -0.220454086750519 -3.81837678988096 427.969138154193
 -0.220454086750519 -4.00929562937501 483.811594891101
 -0.220454086750519 -4.20021446886905 499.549146093201
 -0.220454086750519 -4.3911333083631 499.548912339821
 -0.220454086750519 -4.58205214785715 483.811608875898
 -0.220454086750519 -4.7729709873512 427.968648819219
 -0.220454086750519 -4.96388982684524 340.54714703389
 -0.220454086750519 -5.15480866633929 235.08945359923
 -0.220454086750519 -5.34572750583334 129.406279869232
 -0.220454086750519 -5.53664634532739 52.4228945348941
 -0.220454086750519 -5.72756518482144 25.1073809255576
 -0.330681130125779 -0 49.0836474912988
 -0.330681130125779 -0.190918839494048 79.389545728858
 -0.330681130125779 -0.381837678988096 162.712613114417
 -0.330681130125779 -0.572756518482144 275.44711332566
 -0.330681130125779 -0.763675357976192 384.661316959221
 -0.330681130125779 -0.954594197470239 472.286575200409
 -0.330681130125779 -1.14551303696429 525.301036542687
 -0.330681130125779 -1.33643187645834 539.390260968819
 -0.330681130125779 -1.52735071595238 539.390409609929
 -0.330681130125779 -1.71826955544643 525.301537638241
 -0.330681130125779 -1.90918839494048 472.286508393922
 -0.330681130125779 -2.10010723443453 384.661789430997
 -0.330681130125779 -2.29102607392857 275.447091959905
 -0.330681130125779 -2.48194491342262 162.712231812854
 -0.330681130125779 -2.67286375291667 79.3894133757304
 -0.330681130125779 -2.86378259241072 49.0837791936481
 -0.330681130125779 -3.05470143190477 79.3887651515522
 -0.330681130125779 -3.24562027139881 162.711878842936
 -0.330681130125779 -3.43653911089286 275.447027508447
 -0.330681130125779 -3.62745795038691 384.661072190783
 -0.330681130125779 -3.81837678988096 472.286829786078
 -0.330681130125779 -4.00929562937501 525.301164888399
 -0.330681130125779 -4.20021446886905 539.390631251961
 -0.330681130125779 -4.3911333083631 539.390292844335
 -0.330681130125779 -4.58205214785715 525.301266224354
 -0.330681130125779 -4.7729709873512 472.286753474782
 -0.330681130125779 -4.96388982684524 384.661653301673
 -0.330681130125779 -5.15480866633929 275.44696100987
 -0.330681130125779 -5.34572750583334 162.71250832821
 -0.330681130125779 -5.53664634532739 79.3890815414972
 -0.330681130125779 -5.72756518482144 49.0835524287068
 -0.440908173501038 -0 74.6565878143093
 -0.440908173501038 -0.190918839494048 107.599656015914
 -0.440908173501038 -0.381837678988096 194.968611767381
 -0.440908173501038 -0.572756518482144 311.219638498945
 -0.440908173501038 -0.763675357976192 421.195289351016
 -0.440908173501038 -0.954594197470239 505.252847618339
 -0.440908173501038 -1.14551303696429 552.37586635356
 -0.440908173501038 -1.33643187645834 563.842361570164
 -0.440908173501038 -1.52735071595238 563.842362911235
 -0.440908173501038 -1.71826955544643 552.375760799262
 -0.440908173501038 -1.90918839494048 505.252142920338
 -0.440908173501038 -2.10010723443453 421.194881212257
 -0.440908173501038 -2.29102607392857 311.219045298127
 -0.440908173501038 -2.48194491342262 194.968882099626
 -0.440908173501038 -2.67286375291667 107.599852738167
 -0.440908173501038 -2.86378259241072 74.6560783497517
 -0.440908173501038 -3.05470143190477 107.599683108004
 -0.440908173501038 -3.24562027139881 194.969008420766
 -0.440908173501038 -3.43653911089286 311.219224633851
 -0.440908173501038 -3.62745795038691 421.194951337036
 -0.440908173501038 -3.81837678988096 505.25273412703
 -0.440908173501038 -4.00929562937501 552.375402945574
 -0.440908173501038 -4.20021446886905 563.842150905973
 -0.440908173501038 -4.3911333083631 563.842452976109
 -0.440908173501038 -4.58205214785715 552.375645964645
 -0.440908173501038 -4.7729709873512 505.252508482095
 -0.440908173501038 -4.96388982684524 421.195141604337
 -0.440908173501038 -5.15480866633929 311.218651725044
 -0.440908173501038 -5.34572750583334 194.968684620546
 -0.440908173501038 -5.53664634532739 107.600016967938
 -0.440908173501038 -5.72756518482144 74.6563132783898
 -0.551135216876298 -0 99.2138896909174
 -0.551135216876298 -0.190918839494048 132.874569013476
 -0.551135216876298 -0.381837678988096 222.035053992833
 -0.551135216876298 -0.572756518482144 340.547916209282
 -0.551135216876298 -0.763675357976192 450.365227492104
 -0.551135216876298 -0.954594197470239 529.270663092607
 -0.551135216876298 -1.14551303696429 565.967345996224
 -0.551135216876298 -1.33643187645834 573.455213581272
 -0.551135216876298 -1.52735071595238 573.455189163425
 -0.551135216876298 -1.71826955544643 565.967287416603
 -0.551135216876298 -1.90918839494048 529.270327866777
 -0.551135216876298 -2.10010723443453 450.36455277362
 -0.551135216876298 -2.29102607392857 340.546643341911
 -0.551135216876298 -2.48194491342262 222.034811647129
 -0.551135216876298 -2.67286375291667 132.874855688953
 -0.551135216876298 -2.86378259241072 99.2138353815262
 -0.551135216876298 -3.05470143190477 132.874791637912
 -0.551135216876298 -3.24562027139881 222.034139731485
 -0.551135216876298 -3.43653911089286 340.547699366452
 -0.551135216876298 -3.62745795038691 450.364572256919
 -0.551135216876298 -3.81837678988096 529.270689612866
 -0.551135216876298 -4.00929562937501 565.967209561207
 -0.551135216876298 -4.20021446886905 573.455226972798
 -0.551135216876298 -4.3911333083631 573.455220338512
 -0.551135216876298 -4.58205214785715 565.967095362719
 -0.551135216876298 -4.7729709873512 529.270547814714
 -0.551135216876298 -4.96388982684524 450.365643670518
 -0.551135216876298 -5.15480866633929 340.547410764532
 -0.551135216876298 -5.34572750583334 222.034864306411
 -0.551135216876298 -5.53664634532739 132.87523105551
 -0.551135216876298 -5.72756518482144 99.2138251729251
 -0.661362260251557 -0 121.157566575692
 -0.661362260251557 -0.190918839494048 153.603920242504
 -0.661362260251557 -0.381837678988096 242.033280030422
 -0.661362260251557 -0.572756518482144 361.753701295477
 -0.661362260251557 -0.763675357976192 472.286596677834
 -0.661362260251557 -0.954594197470239 545.446947124551
 -0.661362260251557 -1.14551303696429 571.725459144028
 -0.661362260251557 -1.33643187645834 575.530796699622
 -0.661362260251557 -1.52735071595238 575.530801556352
 -0.661362260251557 -1.71826955544643 571.725441715749
 -0.661362260251557 -1.90918839494048 545.446968693335
 -0.661362260251557 -2.10010723443453 472.286478764043
 -0.661362260251557 -2.29102607392857 361.754500251851
 -0.661362260251557 -2.48194491342262 242.032821801744
 -0.661362260251557 -2.67286375291667 153.603546416662
 -0.661362260251557 -2.86378259241072 121.157642924204
 -0.661362260251557 -3.05470143190477 153.604064834467
 -0.661362260251557 -3.24562027139881 242.033171369909
 -0.661362260251557 -3.43653911089286 361.754327721888
 -0.661362260251557 -3.62745795038691 472.2871204058
 -0.661362260251557 -3.81837678988096 545.446863763903
 -0.661362260251557 -4.00929562937501 571.725421674139
 -0.661362260251557 -4.20021446886905 575.53079790986
 -0.661362260251557 -4.3911333083631 575.530800198375
 -0.661362260251557 -4.58205214785715 571.725457321336
 -0.661362260251557 -4.7729709873512 545.447070657521
 -0.661362260251557 -4.96388982684524 472.286541644339
 -0.661362260251557 -5.15480866633929 361.754481212957
 -0.661362260251557 -5.34572750583334 242.03315771444
 -0.661362260251557 -5.53664634532739 153.603384977298
 -0.661362260251557 -5.72756518482144 121.157516292898
 -0.771589303626817 -0 138.880518078892
 -0.771589303626817 -0.190918839494048 169.472874091636
 -0.771589303626817 -0.381837678988096 255.46875372501
 -0.771589303626817 -0.572756518482144 373.92587093746
 -0.771589303626817 -0.763675357976192 484.39213902399
 -0.771589303626817 -0.954594197470239 552.37583511081
 -0.771589303626817 -1.14551303696429 573.651553665118
 -0.771589303626817 -1.33643187645834 575.83168118585
 -0.771589303626817 -1.52735071595238 575.831679958706
 -0.771589303626817 -1.71826955544643 573.651578853333
 -0.771589303626817 -1.90918839494048 552.375737959347
 -0.771589303626817 -2.10010723443453 484.392283410668
 -0.771589303626817 -2.29102607392857 373.926288771624
 -0.771589303626817 -2.48194491342262 255.468680870738
 -0.771589303626817 -2.67286375291667 169.47284854024
 -0.771589303626817 -2.86378259241072 138.880482217381
 -0.771589303626817 -3.05470143190477 169.472918336799
 -0.771589303626817 -3.24562027139881 255.467835494591
 -0.771589303626817 -3.43653911089286 373.92607593508
 -0.771589303626817 -3.62745795038691 484.392058308268
 -0.771589303626817 -3.81837678988096 552.375636111325
 -0.771589303626817 -4.00929562937501 573.651582678029
 -0.771589303626817 -4.20021446886905 575.831674737668
 -0.771589303626817 -4.3911333083631 575.831675530583
 -0.771589303626817 -4.58205214785715 573.651557545085
 -0.771589303626817 -4.7729709873512 552.375759960123
 -0.771589303626817 -4.96388982684524 484.392557279991
 -0.771589303626817 -5.15480866633929 373.926209056319
 -0.771589303626817 -5.34572750583334 255.468070986054
 -0.771589303626817 -5.53664634532739 169.473082425582
 -0.771589303626817 -5.72756518482144 138.880425871005
 -0.881816347002076 -0 151.463179955952
 -0.881816347002076 -0.190918839494048 180.613063374515
 -0.881816347002076 -0.381837678988096 263.42656469987
 -0.881816347002076 -0.572756518482144 377.751207473758
 -0.881816347002076 -0.763675357976192 483.811684452934
 -0.881816347002076 -0.954594197470239 550.215580267655
 -0.881816347002076 -1.14551303696429 573.455209384368
 -0.881816347002076 -1.33643187645834 575.845472035634
 -0.881816347002076 -1.52735071595238 575.845472916524
 -0.881816347002076 -1.71826955544643 573.455194939389
 -0.881816347002076 -1.90918839494048 550.215388349118
 -0.881816347002076 -2.10010723443453 483.811585543078
 -0.881816347002076 -2.29102607392857 377.751069514972
 -0.881816347002076 -2.48194491342262 263.427500576267
 -0.881816347002076 -2.67286375291667 180.613143158611
 -0.881816347002076 -2.86378259241072 151.463153670298
 -0.881816347002076 -3.05470143190477 180.612909944359
 -0.881816347002076 -3.24562027139881 263.42708648221
 -0.881816347002076 -3.43653911089286 377.751401683067
 -0.881816347002076 -3.62745795038691 483.811850878733
 -0.881816347002076 -3.81837678988096 550.215601438299
 -0.881816347002076 -4.00929562937501 573.455205096104
 -0.881816347002076 -4.20021446886905 575.845473428591
 -0.881816347002076 -4.3911333083631 575.845467597356
 -0.881816347002076 -4.58205214785715 573.455169717343
 -0.881816347002076 -4.7729709873512 550.215596325546
 -0.881816347002076 -4.96388982684524 483.811512785786
 -0.881816347002076 -5.15480866633929 377.751734928291
 -0.881816347002076 -5.34572750583334 263.427217794298
 -0.881816347002076 -5.53664634532739 180.612765483228
 -0.881816347002076 -5.72756518482144 151.463160935092
 -0.992043390377336 -0 159.865822686271
 -0.992043390377336 -0.190918839494048 187.708816388532
 -0.992043390377336 -0.381837678988096 265.956479531166
 -0.992043390377336 -0.572756518482144 372.814362122868
 -0.992043390377336 -0.763675357976192 471.150664668269
 -0.992043390377336 -0.954594197470239 539.390523473446
 -0.992043390377336 -1.14551303696429 570.762015768109
 -0.992043390377336 -1.33643187645834 575.530803079013
 -0.992043390377336 -1.52735071595238 575.530795435262
 -0.992043390377336 -1.71826955544643 570.761987993625
 -0.992043390377336 -1.90918839494048 539.390294370381
 -0.992043390377336 -2.10010723443453 471.150138861588
 -0.992043390377336 -2.29102607392857 372.814480592713
 -0.992043390377336 -2.48194491342262 265.956852129884
 -0.992043390377336 -2.67286375291667 187.708653839316
 -0.992043390377336 -2.86378259241072 159.865832306095
 -0.992043390377336 -3.05470143190477 187.708930637777
 -0.992043390377336 -3.24562027139881 265.956435622122
 -0.992043390377336 -3.43653911089286 372.814558257472
 -0.992043390377336 -3.62745795038691 471.149716581246
 -0.992043390377336 -3.81837678988096 539.39068564707
 -0.992043390377336 -4.00929562937501 570.762025958655
 -0.992043390377336 -4.20021446886905 575.530791657937
 -0.992043390377336 -4.3911333083631 575.530795215327
 -0.992043390377336 -4.58205214785715 570.761960895893
 -0.992043390377336 -4.7729709873512 539.390321970045
 -0.992043390377336 -4.96388982684524 471.150443974789
 -0.992043390377336 -5.15480866633929 372.814836318078
 -0.992043390377336 -5.34572750583334 265.957249403601
 -0.992043390377336 -5.53664634532739 187.708726351848
 -0.992043390377336 -5.72756518482144 159.86584275607
 -1.1022704337526 -0 165.326644267789
 -1.1022704337526 -0.190918839494048 191.142111396432
 -1.1022704337526 -0.381837678988096 262.121080871791
 -1.1022704337526 -0.572756518482144 359.041477144063
 -1.1022704337526 -0.763675357976192 450.690619481397
 -1.1022704337526 -0.954594197470239 521.597655808586
 -1.1022704337526 -1.14551303696429 563.842366566754
 -1.1022704337526 -1.33643187645834 573.651552351108
 -1.1022704337526 -1.52735071595238 573.651582894579
 -1.1022704337526 -1.71826955544643 563.842198413029
 -1.1022704337526 -1.90918839494048 521.597884131149
 -1.1022704337526 -2.10010723443453 450.691491867301
 -1.1022704337526 -2.29102607392857 359.040885538103
 -1.1022704337526 -2.48194491342262 262.121202051988
 -1.1022704337526 -2.67286375291667 191.141828153174
 -1.1022704337526 -2.86378259241072 165.326630841303
 -1.1022704337526 -3.05470143190477 191.142194413083
 -1.1022704337526 -3.24562027139881 262.121145459723
 -1.1022704337526 -3.43653911089286 359.041268027337
 -1.1022704337526 -3.62745795038691 450.690564429848
 -1.1022704337526 -3.81837678988096 521.597449677418
 -1.1022704337526 -4.00929562937501 563.842171810438
 -1.1022704337526 -4.20021446886905 573.651590654514
 -1.1022704337526 -4.3911333083631 573.651558998934
 -1.1022704337526 -4.58205214785715 563.842332339574
 -1.1022704337526 -4.7729709873512 521.597737709743
 -1.1022704337526 -4.96388982684524 450.691799733713
 -1.1022704337526 -5.15480866633929 359.041592506566
 -1.1022704337526 -5.34572750583334 262.120466878198
 -1.1022704337526 -5.53664634532739 191.142044418511
 -1.1022704337526 -5.72756518482144 165.326556162082
 -1.21249747712785 -0 167.380096955388
 -1.21249747712785 -0.190918839494048 190.122942518995
 -1.21249747712785 -0.381837678988096 252.32888681464
 -1.21249747712785 -0.572756518482144 338.759854041503
 -1.21249747712785 -0.763675357976192 425.775985385882
 -1.21249747712785 -0.954594197470239 499.548831872223
 -1.21249747712785 -1.14551303696429 550.215628360083
 -1.21249747712785 -1.33643187645834 565.967251156952
 -1.21249747712785 -1.52735071595238 565.967169031347
 -1.21249747712785 -1.71826955544643 550.215689796665
 -1.21249747712785 -1.90918839494048 499.548601324315
 -1.21249747712785 -2.10010723443453 425.775410061132
 -1.21249747712785 -2.29102607392857 338.758418802013
 -1.21249747712785 -2.48194491342262 252.329089726795
 -1.21249747712785 -2.67286375291667 190.122962266236
 -1.21249747712785 -2.86378259241072 167.380051997384
 -1.21249747712785 -3.05470143190477 190.122673106005
 -1.21249747712785 -3.24562027139881 252.32879048541
 -1.21249747712785 -3.43653911089286 338.759398023502
 -1.21249747712785 -3.62745795038691 425.775781715791
 -1.21249747712785 -3.81837678988096 499.548954991255
 -1.21249747712785 -4.00929562937501 550.215422792847
 -1.21249747712785 -4.20021446886905 565.967326950539
 -1.21249747712785 -4.3911333083631 565.967120296019
 -1.21249747712785 -4.58205214785715 550.215746995741
 -1.21249747712785 -4.7729709873512 499.548612849183
 -1.21249747712785 -4.96388982684524 425.775404942737
 -1.21249747712785 -5.15480866633929 338.758740528032
 -1.21249747712785 -5.34572750583334 252.329115940253
 -1.21249747712785 -5.53664634532739 190.123004985354
 -1.21249747712785 -5.72756518482144 167.380083465732
 -1.32272452050311 -0 164.503509643642
 -1.32272452050311 -0.190918839494048 184.206667654479
 -1.32272452050311 -0.381837678988096 237.941758275706
 -1.32272452050311 -0.572756518482144 313.729565980434
 -1.32272452050311 -0.763675357976192 396.015966461645
 -1.32272452050311 -0.954594197470239 471.150474945739
 -1.32272452050311 -1.14551303696429 525.301235404548
 -1.32272452050311 -1.33643187645834 545.446924913995
 -1.32272452050311 -1.52735071595238 545.446980927638
 -1.32272452050311 -1.71826955544643 525.301478013066
 -1.32272452050311 -1.90918839494048 471.150427684571
 -1.32272452050311 -2.10010723443453 396.016323366801
 -1.32272452050311 -2.29102607392857 313.729603944336
 -1.32272452050311 -2.48194491342262 237.942261668803
 -1.32272452050311 -2.67286375291667 184.206907135323
 -1.32272452050311 -2.86378259241072 164.503406553807
 -1.32272452050311 -3.05470143190477 184.206424639921
 -1.32272452050311 -3.24562027139881 237.942180942925
 -1.32272452050311 -3.43653911089286 313.72882298241
 -1.32272452050311 -3.62745795038691 396.016386860659
 -1.32272452050311 -3.81837678988096 471.150626891579
 -1.32272452050311 -4.00929562937501 525.301030973117
 -1.32272452050311 -4.20021446886905 545.447014659676
 -1.32272452050311 -4.3911333083631 545.44643047866
 -1.32272452050311 -4.58205214785715 525.301786041886
 -1.32272452050311 -4.7729709873512 471.150526283134
 -1.32272452050311 -4.96388982684524 396.017021520728
 -1.32272452050311 -5.15480866633929 313.729836096108
 -1.32272452050311 -5.34572750583334 237.942389009563
 -1.32272452050311 -5.53664634532739 184.206790115941
 -1.32272452050311 -5.72756518482144 164.503504939184
 -1.43295156387837 -0 157.213287193214
 -1.43295156387837 -0.190918839494048 174.239849750919
 -1.43295156387837 -0.381837678988096 219.843946498711
 -1.43295156387837 -0.572756518482144 284.524608661438
 -1.43295156387837 -0.763675357976192 359.040954947785
 -1.43295156387837 -0.954594197470239 431.034687092045
 -1.43295156387837 -1.14551303696429 484.392506610321
 -1.43295156387837 -1.33643187645834 505.25216119229
 -1.43295156387837 -1.52735071595238 505.25238741244
 -1.43295156387837 -1.71826955544643 484.39231775516
 -1.43295156387837 -1.90918839494048 431.034697079582
 -1.43295156387837 -2.10010723443453 359.041258320668
 -1.43295156387837 -2.29102607392857 284.523950027906
 -1.43295156387837 -2.48194491342262 219.843521935496
 -1.43295156387837 -2.67286375291667 174.239942925413
 -1.43295156387837 -2.86378259241072 157.21316185335
 -1.43295156387837 -3.05470143190477 174.240077154247
 -1.43295156387837 -3.24562027139881 219.843483537365
 -1.43295156387837 -3.43653911089286 284.524227791846
 -1.43295156387837 -3.62745795038691 359.040783062979
 -1.43295156387837 -3.81837678988096 431.034591834342
 -1.43295156387837 -4.00929562937501 484.392023706624
 -1.43295156387837 -4.20021446886905 505.253007562104
 -1.43295156387837 -4.3911333083631 505.253062827967
 -1.43295156387837 -4.58205214785715 484.392813618412
 -1.43295156387837 -4.7729709873512 431.034134223739
 -1.43295156387837 -4.96388982684524 359.041234822035
 -1.43295156387837 -5.15480866633929 284.523855989449
 -1.43295156387837 -5.34572750583334 219.843652962242
 -1.43295156387837 -5.53664634532739 174.239923266146
 -1.43295156387837 -5.72756518482144 157.213342312447
 -1.54317860725363 -0 149.054841043071
 -1.54317860725363 -0.190918839494048 163.649653301616
 -1.54317860725363 -0.381837678988096 201.055552974498
 -1.54317860725363 -0.572756518482144 252.328759150172
 -1.54317860725363 -0.763675357976192 314.662066258107
 -1.54317860725363 -0.954594197470239 377.751648021518
 -1.54317860725363 -1.14551303696429 427.970465961463
 -1.54317860725363 -1.33643187645834 450.364816392612
 -1.54317860725363 -1.52735071595238 450.365167837592
 -1.54317860725363 -1.71826955544643 427.969567126348
 -1.54317860725363 -1.90918839494048 377.75077816776
 -1.54317860725363 -2.10010723443453 314.662239822381
 -1.54317860725363 -2.29102607392857 252.329403256373
 -1.54317860725363 -2.48194491342262 201.055737816602
 -1.54317860725363 -2.67286375291667 163.649468780962
 -1.54317860725363 -2.86378259241072 149.054890530712
 -1.54317860725363 -3.05470143190477 163.649434341726
 -1.54317860725363 -3.24562027139881 201.055374691118
 -1.54317860725363 -3.43653911089286 252.328976132842
 -1.54317860725363 -3.62745795038691 314.661922663217
 -1.54317860725363 -3.81837678988096 377.751853721843
 -1.54317860725363 -4.00929562937501 427.969930256366
 -1.54317860725363 -4.20021446886905 450.364809840658
 -1.54317860725363 -4.3911333083631 450.36570261894
 -1.54317860725363 -4.58205214785715 427.969503964096
 -1.54317860725363 -4.7729709873512 377.751619270292
 -1.54317860725363 -4.96388982684524 314.661940595665
 -1.54317860725363 -5.15480866633929 252.329346685548
 -1.54317860725363 -5.34572750583334 201.055612043618
 -1.54317860725363 -5.53664634532739 163.649614496298
 -1.54317860725363 -5.72756518482144 149.054876095869
 -1.65340565062889 -0 145.483593750148
 -1.65340565062889 -0.190918839494048 156.973086727055
 -1.65340565062889 -0.381837678988096 184.206855868997
 -1.65340565062889 -0.572756518482144 220.088913770149
 -1.65340565062889 -0.763675357976192 265.956506263461
 -1.65340565062889 -0.954594197470239 316.687193583815
 -1.65340565062889 -1.14551303696429 361.75416948574
 -1.65340565062889 -1.33643187645834 384.661171547281
 -1.65340565062889 -1.52735071595238 384.661380388801
 -1.65340565062889 -1.71826955544643 361.754334597549
 -1.65340565062889 -1.90918839494048 316.687353965214
 -1.65340565062889 -2.10010723443453 265.956688944538
 -1.65340565062889 -2.29102607392857 220.089047111323
 -1.65340565062889 -2.48194491342262 184.206688633357
 -1.65340565062889 -2.67286375291667 156.973048043562
 -1.65340565062889 -2.86378259241072 145.483593671202
 -1.65340565062889 -3.05470143190477 156.973000081967
 -1.65340565062889 -3.24562027139881 184.206513098673
 -1.65340565062889 -3.43653911089286 220.089026642235
 -1.65340565062889 -3.62745795038691 265.956260062614
 -1.65340565062889 -3.81837678988096 316.687361387902
 -1.65340565062889 -4.00929562937501 361.754483117961
 -1.65340565062889 -4.20021446886905 384.661396340663
 -1.65340565062889 -4.3911333083631 384.660760441039
 -1.65340565062889 -4.58205214785715 361.754193750206
 -1.65340565062889 -4.7729709873512 316.687416683082
 -1.65340565062889 -4.96388982684524 265.956224322908
 -1.65340565062889 -5.15480866633929 220.088787148978
 -1.65340565062889 -5.34572750583334 184.206566143684
 -1.65340565062889 -5.53664634532739 156.973165466726
 -1.65340565062889 -5.72756518482144 145.483593712932
 -1.76363269400415 -0 149.839631917623
 -1.76363269400415 -0.190918839494048 157.213279252817
 -1.76363269400415 -0.381837678988096 171.997038700369
 -1.76363269400415 -0.572756518482144 191.141938945416
 -1.76363269400415 -0.763675357976192 219.454188208327
 -1.76363269400415 -0.954594197470239 255.468045567769
 -1.76363269400415 -1.14551303696429 291.114415196439
 -1.76363269400415 -1.33643187645834 311.219039665407
 -1.76363269400415 -1.52735071595238 311.219304652531
 -1.76363269400415 -1.71826955544643 291.114389517596
 -1.76363269400415 -1.90918839494048 255.467862941963
 -1.76363269400415 -2.10010723443453 219.454269564693
 -1.76363269400415 -2.29102607392857 191.141937313342
 -1.76363269400415 -2.48194491342262 171.997136233066
 -1.76363269400415 -2.67286375291667 157.213283260253
 -1.76363269400415 -2.86378259241072 149.839644898597
 -1.76363269400415 -3.05470143190477 157.213431515614
 -1.76363269400415 -3.24562027139881 171.997134060735
 -1.76363269400415 -3.43653911089286 191.14203072244
 -1.76363269400415 -3.62745795038691 219.454212478415
 -1.76363269400415 -3.81837678988096 255.468400153943
 -1.76363269400415 -4.00929562937501 291.11423186684
 -1.76363269400415 -4.20021446886905 311.218833551165
 -1.76363269400415 -4.3911333083631 311.219404059786
 -1.76363269400415 -4.58205214785715 291.114504734597
 -1.76363269400415 -4.7729709873512 255.467806267366
 -1.76363269400415 -4.96388982684524 219.454171289858
 -1.76363269400415 -5.15480866633929 191.142190660563
 -1.76363269400415 -5.34572750583334 171.996987418266
 -1.76363269400415 -5.53664634532739 157.213293197013
 -1.76363269400415 -5.72756518482144 149.839571511946
 -1.87385973737941 -0 163.649400793555
 -1.87385973737941 -0.190918839494048 165.947512894078
 -1.87385973737941 -0.381837678988096 167.380140785485
 -1.87385973737941 -0.572756518482144 169.714976701768
 -1.87385973737941 -0.763675357976192 180.612966838891
 -1.87385973737941 -0.954594197470239 200.002525232482
 -1.87385973737941 -1.14551303696429 222.034590907425
 -1.87385973737941 -1.33643187645834 235.089615480721
 -1.87385973737941 -1.52735071595238 235.08967805875
 -1.87385973737941 -1.71826955544643 222.03525265507
 -1.87385973737941 -1.90918839494048 200.002231380206
 -1.87385973737941 -2.10010723443453 180.61278358034
 -1.87385973737941 -2.29102607392857 169.714655371633
 -1.87385973737941 -2.48194491342262 167.38002857659
 -1.87385973737941 -2.67286375291667 165.947530598672
 -1.87385973737941 -2.86378259241072 163.649507064057
 -1.87385973737941 -3.05470143190477 165.947630872147
 -1.87385973737941 -3.24562027139881 167.380024271421
 -1.87385973737941 -3.43653911089286 169.714499631543
 -1.87385973737941 -3.62745795038691 180.613338501448
 -1.87385973737941 -3.81837678988096 200.002653597378
 -1.87385973737941 -4.00929562937501 222.03450479131
 -1.87385973737941 -4.20021446886905 235.089918637034
 -1.87385973737941 -4.3911333083631 235.089494162942
 -1.87385973737941 -4.58205214785715 222.034175550117
 -1.87385973737941 -4.7729709873512 200.002220896399
 -1.87385973737941 -4.96388982684524 180.612954169211
 -1.87385973737941 -5.15480866633929 169.714717073286
 -1.87385973737941 -5.34572750583334 167.380039260042
 -1.87385973737941 -5.53664634532739 165.947346391569
 -1.87385973737941 -5.72756518482144 163.649503092731
 -1.98408678075467 -0 186.906028321364
 -1.98408678075467 -0.190918839494048 184.206477230392
 -1.98408678075467 -0.381837678988096 173.101305491109
 -1.98408678075467 -0.572756518482144 159.865819392804
 -1.98408678075467 -0.763675357976192 153.203855124923
 -1.98408678075467 -0.954594197470239 153.604026714908
 -1.98408678075467 -1.14551303696429 159.699753312412
 -1.98408678075467 -1.33643187645834 162.712005943471
 -1.98408678075467 -1.52735071595238 162.712132218367
 -1.98408678075467 -1.71826955544643 159.699348327261
 -1.98408678075467 -1.90918839494048 153.603764536245
 -1.98408678075467 -2.10010723443453 153.203948768605
 -1.98408678075467 -2.29102607392857 159.865820401141
 -1.98408678075467 -2.48194491342262 173.101242813843
 -1.98408678075467 -2.67286375291667 184.206469280968
 -1.98408678075467 -2.86378259241072 186.905854357843
 -1.98408678075467 -3.05470143190477 184.206761865499
 -1.98408678075467 -3.24562027139881 173.10127824449
 -1.98408678075467 -3.43653911089286 159.865782882751
 -1.98408678075467 -3.62745795038691 153.203740806867
 -1.98408678075467 -3.81837678988096 153.604062471519
 -1.98408678075467 -4.00929562937501 159.69932245893
 -1.98408678075467 -4.20021446886905 162.711642525855
 -1.98408678075467 -4.3911333083631 162.712530227471
 -1.98408678075467 -4.58205214785715 159.699569144783
 -1.98408678075467 -4.7729709873512 153.603834285431
 -1.98408678075467 -4.96388982684524 153.203719177169
 -1.98408678075467 -5.15480866633929 159.865791860823
 -1.98408678075467 -5.34572750583334 173.101258703664
 -1.98408678075467 -5.53664634532739 184.206191457244
 -1.98408678075467 -5.72756518482144 186.905864940888
 -2.09431382412993 -0 219.843488663659
 -2.09431382412993 -0.190918839494048 212.862446978194
 -2.09431382412993 -0.381837678988096 191.1418122374
 -2.09431382412993 -0.572756518482144 163.215208176632
 -2.09431382412993 -0.763675357976192 138.880436448428
 -2.09431382412993 -0.954594197470239 119.048563928028
 -2.09431382412993 -1.14551303696429 107.599385608107
 -2.09431382412993 -1.33643187645834 100.242916638959
 -2.09431382412993 -1.52735071595238 100.243052251722
 -2.09431382412993 -1.71826955544643 107.599093690172
 -2.09431382412993 -1.90918839494048 119.048641873656
 -2.09431382412993 -2.10010723443453 138.880527575781
 -2.09431382412993 -2.29102607392857 163.215129823837
 -2.09431382412993 -2.48194491342262 191.142016309036
 -2.09431382412993 -2.67286375291667 212.862515236315
 -2.09431382412993 -2.86378259241072 219.843984217853
 -2.09431382412993 -3.05470143190477 212.862835337029
 -2.09431382412993 -3.24562027139881 191.142004646586
 -2.09431382412993 -3.43653911089286 163.215093873224
 -2.09431382412993 -3.62745795038691 138.880344110836
 -2.09431382412993 -3.81837678988096 119.048733835655
 -2.09431382412993 -4.00929562937501 107.599682029747
 -2.09431382412993 -4.20021446886905 100.242809837206
 -2.09431382412993 -4.3911333083631 100.243189047642
 -2.09431382412993 -4.58205214785715 107.599386799163
 -2.09431382412993 -4.7729709873512 119.049100682084
 -2.09431382412993 -4.96388982684524 138.880391984458
 -2.09431382412993 -5.15480866633929 163.215048008398
 -2.09431382412993 -5.34572750583334 191.14203236465
 -2.09431382412993 -5.53664634532739 212.862961857793
 -2.09431382412993 -5.72756518482144 219.843629427521
 -2.20454086750519 -0 262.728125865958
 -2.20454086750519 -0.190918839494048 252.329276993889
 -2.20454086750519 -0.381837678988096 222.365223476519
 -2.20454086750519 -0.572756518482144 180.612935399881
 -2.20454086750519 -0.763675357976192 138.571114607161
 -2.20454086750519 -0.954594197470239 99.2140314958394
 -2.20454086750519 -1.14551303696429 69.9021092600354
 -2.20454086750519 -1.33643187645834 52.4227124854532
 -2.20454086750519 -1.52735071595238 52.4229980973225
 -2.20454086750519 -1.71826955544643 69.9020449371739
 -2.20454086750519 -1.90918839494048 99.2139325859828
 -2.20454086750519 -2.10010723443453 138.571238744706
 -2.20454086750519 -2.29102607392857 180.613195546052
 -2.20454086750519 -2.48194491342262 222.36505512877
 -2.20454086750519 -2.67286375291667 252.328728584154
 -2.20454086750519 -2.86378259241072 262.728311842739
 -2.20454086750519 -3.05470143190477 252.328875809738
 -2.20454086750519 -3.24562027139881 222.364773670967
 -2.20454086750519 -3.43653911089286 180.612846127902
 -2.20454086750519 -3.62745795038691 138.57113112072
 -2.20454086750519 -3.81837678988096 99.2138823573322
 -2.20454086750519 -4.00929562937501 69.9019804609119
 -2.20454086750519 -4.20021446886905 52.4230497076664
 -2.20454086750519 -4.3911333083631 52.4226790737569
 -2.20454086750519 -4.58205214785715 69.9021328737035
 -2.20454086750519 -4.7729709873512 99.2140316029757
 -2.20454086750519 -4.96388982684524 138.571170888131
 -2.20454086750519 -5.15480866633929 180.613124946443
 -2.20454086750519 -5.34572750583334 222.365161490653
 -2.20454086750519 -5.53664634532739 252.328973509357
 -2.20454086750519 -5.72756518482144 262.727959152541
 -2.31476791088045 -0 313.728522176655
 -2.31476791088045 -0.190918839494048 302.279591645668
 -2.31476791088045 -0.381837678988096 265.957014628343
 -2.31476791088045 -0.572756518482144 211.960358852249
 -2.31476791088045 -0.763675357976192 153.603667886714
 -2.31476791088045 -0.954594197470239 95.828269741211
 -2.31476791088045 -1.14551303696429 49.0834549569223
 -2.31476791088045 -1.33643187645834 21.4156389991519
 -2.31476791088045 -1.52735071595238 21.4159102743073
 -2.31476791088045 -1.71826955544643 49.0834380745618
 -2.31476791088045 -1.90918839494048 95.8280707507535
 -2.31476791088045 -2.10010723443453 153.603944195676
 -2.31476791088045 -2.29102607392857 211.959839476844
 -2.31476791088045 -2.48194491342262 265.956833508292
 -2.31476791088045 -2.67286375291667 302.279609222815
 -2.31476791088045 -2.86378259241072 313.728965504686
 -2.31476791088045 -3.05470143190477 302.279265004264
 -2.31476791088045 -3.24562027139881 265.957002691795
 -2.31476791088045 -3.43653911089286 211.960379374331
 -2.31476791088045 -3.62745795038691 153.604023686512
 -2.31476791088045 -3.81837678988096 95.8280314502939
 -2.31476791088045 -4.00929562937501 49.0836072716048
 -2.31476791088045 -4.20021446886905 21.4156815039555
 -2.31476791088045 -4.3911333083631 21.4161227374947
 -2.31476791088045 -4.58205214785715 49.0836492181178
 -2.31476791088045 -4.7729709873512 95.8279848500806
 -2.31476791088045 -4.96388982684524 153.603517304493
 -2.31476791088045 -5.15480866633929 211.959955482226
 -2.31476791088045 -5.34572750583334 265.956585065153
 -2.31476791088045 -5.53664634532739 302.280209292523
 -2.31476791088045 -5.72756518482144 313.728884097543
 -2.42499495425571 -0 369.948766736838
 -2.42499495425571 -0.190918839494048 359.040708427744
 -2.42499495425571 -0.381837678988096 319.413242382438
 -2.42499495425571 -0.572756518482144 255.468230859899
 -2.42499495425571 -0.763675357976192 182.773277563706
 -2.42499495425571 -0.954594197470239 107.59978857997
 -2.42499495425571 -1.14551303696429 43.8906734630868
 -2.42499495425571 -1.33643187645834 6.95385494855047
 -2.42499495425571 -1.52735071595238 6.95372203824023
 -2.42499495425571 -1.71826955544643 43.8908246600187
 -2.42499495425571 -1.90918839494048 107.59957920722
 -2.42499495425571 -2.10010723443453 182.773651390696
 -2.42499495425571 -2.29102607392857 255.468369000295
 -2.42499495425571 -2.48194491342262 319.413017277781
 -2.42499495425571 -2.67286375291667 359.040812416502
 -2.42499495425571 -2.86378259241072 369.949058270153
 -2.42499495425571 -3.05470143190477 359.04080253725
 -2.42499495425571 -3.24562027139881 319.413129343431
 -2.42499495425571 -3.43653911089286 255.46789317414
 -2.42499495425571 -3.62745795038691 182.773183864753
 -2.42499495425571 -3.81837678988096 107.59988452458
 -2.42499495425571 -4.00929562937501 43.8907641133533
 -2.42499495425571 -4.20021446886905 6.95393677414535
 -2.42499495425571 -4.3911333083631 6.95390570732278
 -2.42499495425571 -4.58205214785715 43.8906264714833
 -2.42499495425571 -4.7729709873512 107.599397181476
 -2.42499495425571 -4.96388982684524 182.773607400448
 -2.42499495425571 -5.15480866633929 255.467878680661
 -2.42499495425571 -5.34572750583334 319.413229177015
 -2.42499495425571 -5.53664634532739 359.041103366702
 -2.42499495425571 -5.72756518482144 369.949216200629
 -2.53522199763097 -0 425.77574499483
 -2.53522199763097 -0.190918839494048 417.022411254224
 -2.53522199763097 -0.381837678988096 377.750956175934
 -2.53522199763097 -0.572756518482144 307.452413568673
 -2.53522199763097 -0.763675357976192 222.034506681686
 -2.53522199763097 -0.954594197470239 131.055644000776
 -2.53522199763097 -1.14551303696429 52.4227520024832
 -2.53522199763097 -1.33643187645834 7.61785539058838
 -2.53522199763097 -1.52735071595238 7.6177796049006
 -2.53522199763097 -1.71826955544643 52.4229910096051
 -2.53522199763097 -1.90918839494048 131.055632445483
 -2.53522199763097 -2.10010723443453 222.034174540651
 -2.53522199763097 -2.29102607392857 307.451580504668
 -2.53522199763097 -2.48194491342262 377.750669154203
 -2.53522199763097 -2.67286375291667 417.02199465623
 -2.53522199763097 -2.86378259241072 425.775811846433
 -2.53522199763097 -3.05470143190477 417.022279742491
 -2.53522199763097 -3.24562027139881 377.751549358678
 -2.53522199763097 -3.43653911089286 307.452265544531
 -2.53522199763097 -3.62745795038691 222.034487394626
 -2.53522199763097 -3.81837678988096 131.056223329576
 -2.53522199763097 -4.00929562937501 52.4228667897485
 -2.53522199763097 -4.20021446886905 7.61787402007908
 -2.53522199763097 -4.3911333083631 7.61784641251613
 -2.53522199763097 -4.58205214785715 52.423074927456
 -2.53522199763097 -4.7729709873512 131.055323842555
 -2.53522199763097 -4.96388982684524 222.034996918968
 -2.53522199763097 -5.15480866633929 307.452215397063
 -2.53522199763097 -5.34572750583334 377.751468427534
 -2.53522199763097 -5.53664634532739 417.021662675387
 -2.53522199763097 -5.72756518482144 425.775256388474
 -2.64544904100623 -0 476.969179228993
 -2.64544904100623 -0.190918839494048 471.150140578251
 -2.64544904100623 -0.381837678988096 434.929450928771
 -2.64544904100623 -0.572756518482144 361.754943925029
 -2.64544904100623 -0.763675357976192 266.497615948396
 -2.64544904100623 -0.954594197470239 162.71148501383
 -2.64544904100623 -1.14551303696429 72.4760533650361
 -2.64544904100623 -1.33643187645834 21.4157878895141
 -2.64544904100623 -1.52735071595238 21.4156136518943
 -2.64544904100623 -1.71826955544643 72.4761318836231
 -2.64544904100623 -1.90918839494048 162.712440170496
 -2.64544904100623 -2.10010723443453 266.497653308871
 -2.64544904100623 -2.29102607392857 361.754534774548
 -2.64544904100623 -2.48194491342262 434.92967348776
 -2.64544904100623 -2.67286375291667 471.149953523214
 -2.64544904100623 -2.86378259241072 476.969563507067
 -2.64544904100623 -3.05470143190477 471.150072270522
 -2.64544904100623 -3.24562027139881 434.929973949539
 -2.64544904100623 -3.43653911089286 361.754292143482
 -2.64544904100623 -3.62745795038691 266.497916236463
 -2.64544904100623 -3.81837678988096 162.712667007614
 -2.64544904100623 -4.00929562937501 72.4758522812146
 -2.64544904100623 -4.20021446886905 21.415788166977
 -2.64544904100623 -4.3911333083631 21.4159404557063
 -2.64544904100623 -4.58205214785715 72.4761150497633
 -2.64544904100623 -4.7729709873512 162.711962607386
 -2.64544904100623 -4.96388982684524 266.49737507121
 -2.64544904100623 -5.15480866633929 361.754625560161
 -2.64544904100623 -5.34572750583334 434.929621021352
 -2.64544904100623 -5.53664634532739 471.150213187784
 -2.64544904100623 -5.72756518482144 476.968897031268
 -2.75567608438149 -0 521.597578072759
 -2.75567608438149 -0.190918839494048 517.208322245979
 -2.75567608438149 -0.381837678988096 484.391862487195
 -2.75567608438149 -0.572756518482144 410.624365214106
 -2.75567608438149 -0.763675357976192 311.218760694615
 -2.75567608438149 -0.954594197470239 199.058779195717
 -2.75567608438149 -1.14551303696429 100.242619954525
 -2.75567608438149 -1.33643187645834 43.8907869521399
 -2.75567608438149 -1.52735071595238 43.8909362102163
 -2.75567608438149 -1.71826955544643 100.242557860374
 -2.75567608438149 -1.90918839494048 199.058178719969
 -2.75567608438149 -2.10010723443453 311.219818780965
 -2.75567608438149 -2.29102607392857 410.624205548912
 -2.75567608438149 -2.48194491342262 484.392349327259
 -2.75567608438149 -2.67286375291667 517.2079184891
 -2.75567608438149 -2.86378259241072 521.597570844074
 -2.75567608438149 -3.05470143190477 517.207793638735
 -2.75567608438149 -3.24562027139881 484.392603408759
 -2.75567608438149 -3.43653911089286 410.624283429113
 -2.75567608438149 -3.62745795038691 311.21888806695
 -2.75567608438149 -3.81837678988096 199.058565414027
 -2.75567608438149 -4.00929562937501 100.243087505293
 -2.75567608438149 -4.20021446886905 43.8906412976964
 -2.75567608438149 -4.3911333083631 43.8905919973074
 -2.75567608438149 -4.58205214785715 100.242707577503
 -2.75567608438149 -4.7729709873512 199.059185914458
 -2.75567608438149 -4.96388982684524 311.219013384266
 -2.75567608438149 -5.15480866633929 410.624320154587
 -2.75567608438149 -5.34572750583334 484.391943405947
 -2.75567608438149 -5.53664634532739 517.207921287405
 -2.75567608438149 -5.72756518482144 521.597871380265
 -2.86590312775675 -0 554.537665053879
 -2.86590312775675 -0.190918839494048 550.215688499581
 -2.86590312775675 -0.381837678988096 521.099232284529
 -2.86590312775675 -0.572756518482144 450.365440239525
 -2.86590312775675 -0.763675357976192 351.346288261095
 -2.86590312775675 -0.954594197470239 235.088825182077
 -2.86590312775675 -1.14551303696429 131.055692566927
 -2.86590312775675 -1.33643187645834 69.9021010884193
 -2.86590312775675 -1.52735071595238 69.9023621955754
 -2.86590312775675 -1.71826955544643 131.055815980347
 -2.86590312775675 -1.90918839494048 235.089482631303
 -2.86590312775675 -2.10010723443453 351.346143316106
 -2.86590312775675 -2.29102607392857 450.365039179456
 -2.86590312775675 -2.48194491342262 521.099253905199
 -2.86590312775675 -2.67286375291667 550.215671267561
 -2.86590312775675 -2.86378259241072 554.537358275879
 -2.86590312775675 -3.05470143190477 550.215692202473
 -2.86590312775675 -3.24562027139881 521.098960877413
 -2.86590312775675 -3.43653911089286 450.364754272528
 -2.86590312775675 -3.62745795038691 351.347035734593
 -2.86590312775675 -3.81837678988096 235.089166885407
 -2.86590312775675 -4.00929562937501 131.055644358335
 -2.86590312775675 -4.20021446886905 69.9021229245109
 -2.86590312775675 -4.3911333083631 69.9023697242916
 -2.86590312775675 -4.58205214785715 131.05641325173
 -2.86590312775675 -4.7729709873512 235.089952961215
 -2.86590312775675 -4.96388982684524 351.346791350775
 -2.86590312775675 -5.15480866633929 450.364881670817
 -2.86590312775675 -5.34572750583334 521.099053754153
 -2.86590312775675 -5.53664634532739 550.21552665305
 -2.86590312775675 -5.72756518482144 554.537390287869
 -2.97613017113201 -0 570.762032138402
 -2.97613017113201 -0.190918839494048 567.493533598624
 -2.97613017113201 -0.381837678988096 545.447258828072
 -2.97613017113201 -0.572756518482144 481.293381305627
 -2.97613017113201 -0.763675357976192 384.661702908863
 -2.97613017113201 -0.954594197470239 266.497836419663
 -2.97613017113201 -1.14551303696429 159.699576646438
 -2.97613017113201 -1.33643187645834 95.8276963699658
 -2.97613017113201 -1.52735071595238 95.8277885722111
 -2.97613017113201 -1.71826955544643 159.69937317033
 -2.97613017113201 -1.90918839494048 266.496952899153
 -2.97613017113201 -2.10010723443453 384.661046646179
 -2.97613017113201 -2.29102607392857 481.293332753038
 -2.97613017113201 -2.48194491342262 545.446941808768
 -2.97613017113201 -2.67286375291667 567.493574659734
 -2.97613017113201 -2.86378259241072 570.761979421612
 -2.97613017113201 -3.05470143190477 567.493508043864
 -2.97613017113201 -3.24562027139881 545.446955443926
 -2.97613017113201 -3.43653911089286 481.293180325577
 -2.97613017113201 -3.62745795038691 384.661835400722
 -2.97613017113201 -3.81837678988096 266.497556828518
 -2.97613017113201 -4.00929562937501 159.699310414116
 -2.97613017113201 -4.20021446886905 95.8279317633195
 -2.97613017113201 -4.3911333083631 95.8277110574475
 -2.97613017113201 -4.58205214785715 159.699266413692
 -2.97613017113201 -4.7729709873512 266.497543290362
 -2.97613017113201 -4.96388982684524 384.661005868153
 -2.97613017113201 -5.15480866633929 481.293718272924
 -2.97613017113201 -5.34572750583334 545.446997115233
 -2.97613017113201 -5.53664634532739 567.493375881334
 -2.97613017113201 -5.72756518482144 570.761995636268
 -3.08635721450727 -0 575.281430067119
 -3.08635721450727 -0.190918839494048 573.651566323513
 -3.08635721450727 -0.381837678988096 559.326632530944
 -3.08635721450727 -0.572756518482144 505.252559105522
 -3.08635721450727 -0.763675357976192 410.624047277824
 -3.08635721450727 -0.954594197470239 291.114274197973
 -3.08635721450727 -1.14551303696429 182.773713646126
 -3.08635721450727 -1.33643187645834 119.049057938142
 -3.08635721450727 -1.52735071595238 119.049007100423
 -3.08635721450727 -1.71826955544643 182.773375799088
 -3.08635721450727 -1.90918839494048 291.114646831651
 -3.08635721450727 -2.10010723443453 410.623743390638
 -3.08635721450727 -2.29102607392857 505.252863255502
 -3.08635721450727 -2.48194491342262 559.326660046019
 -3.08635721450727 -2.67286375291667 573.65157121746
 -3.08635721450727 -2.86378259241072 575.28141719443
 -3.08635721450727 -3.05470143190477 573.651590816942
 -3.08635721450727 -3.24562027139881 559.326453238099
 -3.08635721450727 -3.43653911089286 505.252307840401
 -3.08635721450727 -3.62745795038691 410.624640959115
 -3.08635721450727 -3.81837678988096 291.114552856343
 -3.08635721450727 -4.00929562937501 182.773749066639
 -3.08635721450727 -4.20021446886905 119.048950573585
 -3.08635721450727 -4.3911333083631 119.048950796905
 -3.08635721450727 -4.58205214785715 182.77358173174
 -3.08635721450727 -4.7729709873512 291.114312112246
 -3.08635721450727 -4.96388982684524 410.624335028173
 -3.08635721450727 -5.15480866633929 505.252919924456
 -3.08635721450727 -5.34572750583334 559.326391323281
 -3.08635721450727 -5.53664634532739 573.651571111431
 -3.08635721450727 -5.72756518482144 575.281428330165
 -3.19658425788253 -0 575.845470467858
 -3.19658425788253 -0.190918839494048 575.285707634425
 -3.19658425788253 -0.381837678988096 565.967245221945
 -3.19658425788253 -0.572756518482144 521.099076450823
 -3.19658425788253 -0.763675357976192 427.969648111655
 -3.19658425788253 -0.954594197470239 307.452361681994
 -3.19658425788253 -1.14551303696429 200.0020829816
 -3.19658425788253 -1.33643187645834 138.571260404849
 -3.19658425788253 -1.52735071595238 138.571190016148
 -3.19658425788253 -1.71826955544643 200.002840478724
 -3.19658425788253 -1.90918839494048 307.451271788941
 -3.19658425788253 -2.10010723443453 427.96974185121
 -3.19658425788253 -2.29102607392857 521.099110577616
 -3.19658425788253 -2.48194491342262 565.967348162913
 -3.19658425788253 -2.67286375291667 575.28569805744
 -3.19658425788253 -2.86378259241072 575.845472819523
 -3.19658425788253 -3.05470143190477 575.285695461036
 -3.19658425788253 -3.24562027139881 565.967366767579
 -3.19658425788253 -3.43653911089286 521.099035299482
 -3.19658425788253 -3.62745795038691 427.969703371876
 -3.19658425788253 -3.81837678988096 307.452393644355
 -3.19658425788253 -4.00929562937501 200.002651412634
 -3.19658425788253 -4.20021446886905 138.571301697178
 -3.19658425788253 -4.3911333083631 138.571287529663
 -3.19658425788253 -4.58205214785715 200.002661814109
 -3.19658425788253 -4.7729709873512 307.451815859656
 -3.19658425788253 -4.96388982684524 427.969116839196
 -3.19658425788253 -5.15480866633929 521.099350427303
 -3.19658425788253 -5.34572750583334 565.967317036326
 -3.19658425788253 -5.53664634532739 575.285692253286
 -3.19658425788253 -5.72756518482144 575.845474167364
 -3.30681130125779 -0 575.945701098554
 -3.30681130125779 -0.190918839494048 575.530794808139
 -3.30681130125779 -0.381837678988096 567.493565321867
 -3.30681130125779 -0.572756518482144 525.301220093349
 -3.30681130125779 -0.763675357976192 434.929653834155
 -3.30681130125779 -0.954594197470239 316.686994068878
 -3.30681130125779 -1.14551303696429 211.960499512339
 -3.30681130125779 -1.33643187645834 153.203757095956
 -3.30681130125779 -1.52735071595238 153.203738410066
 -3.30681130125779 -1.71826955544643 211.959692957309
 -3.30681130125779 -1.90918839494048 316.686705344024
 -3.30681130125779 -2.10010723443453 434.929977406542
 -3.30681130125779 -2.29102607392857 525.300993700615
 -3.30681130125779 -2.48194491342262 567.493493479316
 -3.30681130125779 -2.67286375291667 575.530807959439
 -3.30681130125779 -2.86378259241072 575.945701112074
 -3.30681130125779 -3.05470143190477 575.530794205841
 -3.30681130125779 -3.24562027139881 567.493432831136
 -3.30681130125779 -3.43653911089286 525.30131656129
 -3.30681130125779 -3.62745795038691 434.930638938765
 -3.30681130125779 -3.81837678988096 316.687077809653
 -3.30681130125779 -4.00929562937501 211.960419450801
 -3.30681130125779 -4.20021446886905 153.203765917243
 -3.30681130125779 -4.3911333083631 153.203702607232
 -3.30681130125779 -4.58205214785715 211.95979514145
 -3.30681130125779 -4.7729709873512 316.687320354981
 -3.30681130125779 -4.96388982684524 434.930294881493
 -3.30681130125779 -5.15480866633929 525.301327131942
 -3.30681130125779 -5.34572750583334 567.493560196701
 -3.30681130125779 -5.53664634532739 575.530802039101
 -3.30681130125779 -5.72756518482144 575.945701039897
